10065
10138
10207
10232
10252
10308
10443
10517
10629
10777
10781
10892
10901
10932
10933
10952
11006
11018
11203
11208
11285
11293
11369
11397
11442
11565
11593
11628
11748
11786
11844
12068
12073
12166
12189
12367
12385
12448
12480
13006
13286
13393
13395
13429
13507
13539
13570
13571
13601
13650
13679
13685
13692
13694
13698
13714
13729
13732
13752
13756
13774
13802
13809
13835
13836
13843
13877
13887
13894
13897
13898
13904
13905
13907
13908
13919
13943
13969
13987
14003
14027
14036
14037
14061
14071
14088
14127
14128
14151
14181
14183
14193
14194
14195
14213
14221
14224
14229
14235
14252
14268
14302
14318
14450
14489
14500
14503
14507
14520
14522
14558
14559
14565
14566
14572
14574
14601
14607
14617
14625
14651
14653
14661
14670
14722
14776
14777
14782
14810
14889
14943
14969
14975
14985
15022
15028
15041
15047
15048
15052
15064
15070
15072
15084
15092
15139
15142
15178
15194
15196
15216
15231
15244
15279
15302
15318
15323
15336
15338
15343
15455
15527
15577
15580
15584
15623
15636
15650
15653
15674
15719
15774
15782
15802
15838
15902
15906
15948
16042
16077
16097
16136
16171
16183
16253
16285
16319
16403
16494
16498
16499
16505
16515
16524
16548
16558
16569
16577
16581
16585
16630
16632
16633
16638
16659
16671
16676
16691
16746
16754
16756
16764
16768
16770
16780
16784
16809
16813
16816
16828
16829
16841
16853
16877
16982
16983
16991
16995
17019
17031
17082
17093
17108
17117
17121
17126
17148
17150
17178
17205
17213
17214
17222
17287
17307
17332
17344
17345
17350
17357
17679
17683
17688
17692
17693
17696
17743
17787
17802
17812
17818
17860
17919
17950
17952
17957
17970
18012
18043
18049
18106
18108
18115
18179
18213
18222
18223
18253
18259
18314
18317
18356
18360
18364
18369
18465
18466
18467
18563
18622
18652
18660
18661
18668
18671
18715
18807
18830
18837
18847
18851
18887
18895
18903
18941
18958
18964
19002
19012
19015
19033
19037
19058
19077
19080
19148
19172
19185
19188
19225
19229
19234
19252
19312
19357
19455
19456
19497
19500
19572
19583
20053
20395
20415
21259
23473
23799
25081
25129
26649
26650
26710
27511
27617
27618
27888
27975
28388
30437
33770
34746
35044
35263
35554
35685
35917
36346
36397
37584
38093
38703
38746
42906
45306
45751
46340
46703
47626
47896
48653
49015
49322
49330
49656
50585
50702
51530
51916
51925
52425
52679
52936
53373
54228
54973
55029
55984
56565
56653
56710
56822
56856
56936
57074
57293
57904
58246
58413
58836
59176
59300
59396
59408
59628
60442
60687
61735
62156
62308
62359
62367
62391
62922
62930
63467
63706
64186
64390
64653
64805
64995
65294
65429
65665
65947
66157
66325
66616
66800
67598
67847
68196
68292
68419
68427
68929
69032
69331
69366
69586
69649
69761
69980
69999
70121
70519
70703
70797
70826
71079
71159
71175
71271
71563
71722
71810
72231
72726
72776
72813
72864
72980
72996
75047
75060
75065
75069
75075
75082
75152
75157
75168
75175
75183
75186
75233
75239
75240
75260
75263
75268
75269
75274
75278
75306
75313
75331
75336
75341
75346
75354
75367
75381
75392
75401
75405
75411
75415
75416
75455
75461
75465
75466
75475
75556
75605
75622
75623
75642
75809
75837
75840
75846
75885
75906
75938
75985
76083
76118
76119
76136
76266
76273
76274
76398
76504
76529
76558
76572
76586
76602
76684
76721
76732
76804
76838
76892
77057
77071
77114
77120
77124
77129
77131
77152
77217
77239
77309
77316
77369
77377
77379
77415
77458
77460
77466
77469
77470
77519
77526
77528
77548
77573
77591
77607
77638
77643
77660
77679
77692
77693
77776
77790
77806
77818
77857
77860
77878
77889
77895
77910
77920
77925
77973
78018
78038
78056
78059
78061
78107
78211
78451
78693
78829
78854
78903
78927
78936
78943
78947
79013
79019
79036
79049
79052
79057
79066
79072
79116
79139
79166
79210
79222
79229
79233
79235
79236
79238
79323
79356
79360
79382
79447
79448
79452
79461
79491
79547
79558
79561
79571
79618
79646
79731
79734
79747
79756
79770
79782
79824
79851
79859
79885
79895
79918
80008
80014
80072
80100
80102
80168
80169
80183
80200
80206
80210
80336
80381
80399
80401
80412
80478
80498
80520
80633
80681
80683
80688
80711
80779
80784
80837
80866
80960
81035
81045
81055
81087
81095
81127
81208
81254
81284
81560
81577
81593
81624
82107
82654
83155
83642
83835
84129
84386
84516
84725
84820
85081
85082
85172
85259
85299
85332
85426
85592
85636
85789
85875
85935
86067
86313
86349
86382
86384
86814
86896
87033
87476
87505
87952
88197
88310
88373
88865
88912
88944
88963
88965
89154
89199
89211
89236
89238
89256
89317
89428
89695
89828
89841
89854
89948
89968
90213
90329
90470
90534
90983
91287
91437
91855
92355
92502
92655
92690
92726
92807
92871
93330
